24
4
1
999 18 999 15 999 999 999 999 999 999 999 999 999 999 999 999 999 999 999 999 16 999 999 999
18 999 16 26 999 999 999 999 999 999 999 999 999 999 999 999 999 999 999 999 26 999 999 999
999 16 999 33 999 999 999 999 999 23 999 999 999 999 999 999 999 999 999 999 33 23 999 999
15 26 33 999 21 26 999 999 999 34 999 999 999 999 999 999 999 999 999 999 1 34 999 999
999 999 999 21 999 20 19 999 999 999 999 999 999 999 999 999 999 999 999 999 21 999 999 999
999 999 999 26 20 999 17 999 19 31 999 999 999 999 999 999 999 999 999 999 26 31 999 999
999 999 999 999 19 17 999 24 19 999 999 999 999 999 999 999 999 999 999 999 999 999 999 999
999 999 999 999 999 999 24 999 10 999 29 19 24 999 999 999 999 999 999 999 999 999 24 999
999 999 999 999 999 19 19 10 999 27 16 999 999 999 999 999 999 999 999 999 999 27 999 999
999 999 23 35 999 31 999 999 27 999 16 999 999 24 999 999 999 999 999 999 35 1 999 999
999 999 999 999 999 999 999 29 16 16 999 999 21 23 999 999 999 999 999 999 999 16 21 999
999 999 999 999 999 999 999 19 999 999 999 999 23 999 12 999 999 999 999 999 999 999 23 999 
999 999 999 999 999 999 999 24 999 999 21 23 999 21 21 15 36 21 999 999 999 999 1 21
999 999 999 999 999 999 999 999 999 999 23 999 21 999 999 18 999 999 999 999 999 24 21 999 
999 999 999 999 999 999 999 999 999 999 999 12 21 999 999 999 23 999 999 999 999 999 21 999
999 999 999 999 999 999 999 999 999 999 999 999 15 18 999 999 999 20 24 999 999 999 15 20
999 999 999 999 999 999 999 999 999 999 999 999 36 999 23 999 999 11 999 21 999 999 36 11
999 999 999 999 999 999 999 999 999 999 999 999 31 999 999 20 11 999 19 25 999 999 31 1
999 999 999 999 999 999 999 999 999 999 999 999 999 999 999 24 999 19 999 999 999 999 999 19
999 999 999 999 999 999 999 999 999 999 999 999 999 999 999 999 21 25 999 999 999 999 999 25
15 26 33 1 21 26 999 999 999 34 999 999 999 999 999 999 999 999 999 999 9999 34 999 999
999 999 23 35 999 31 999 999 27 1 16 999 999 24 999 999 999 999 999 999 35 999 999 999
999 999 999 999 999 999 999 24 999 999 21 23 1 21 21 15 36 21 999 999 999 999 999 21
999 999 999 999 999 999 999 999 999 999 999 999 31 999 999 20 11 1 19 25 999 999 31 999