24
4
1
999 18 999 15 999 999 999 999 999 999 999 999 999 999 999 999 999 999 999 999 16 999 999 999
18 999 15.8 26.1 999 999 999 999 999 999 999 999 999 999 999 999 999 999 999 999 26.1 999 999 999
999 15.8 999 33 999 999 999 999 999 22.6 999 999 999 999 999 999 999 999 999 999 33 22.6 999 999
15 26.1 33 999 21 25.6 999 999 999 34 999 999 999 999 999 999 999 999 999 999 1 34 999 999
999 999 999 21 999 19.6 18.8 999 999 999 999 999 999 999 999 999 999 999 999 999 21 999 999 999
999 999 999 25.6 19.6 999 16.8 999 19 30.6 999 999 999 999 999 999 999 999 999 999 25.6 30.6 999 999
999 999 999 999 18.8 16.8 999 23.6 19 999 999 999 999 999 999 999 999 999 999 999 999 999 999 999
999 999 999 999 999 999 23.6 999 10.2 999 29.4 18.8 24.2 999 999 999 999 999 999 999 999 999 24.2 999
999 999 999 999 999 19 19 10.2 999 27.4 16.2 999 999 999 999 999 999 999 999 999 999 27.4 999 999
999 999 22.6 34.6 999 30.6 999 999 27.4 999 15.8 999 999 24.2 999 999 999 999 999 999 34.6 1 999 999
999 999 999 999 999 999 999 29.4 16.2 15.8 999 999 20.6 22.8 999 999 999 999 999 999 999 15.8 20.6 999
999 999 999 999 999 999 999 18.8 999 999 999 999 23.2 999 12.4 999 999 999 999 999 999 999 23.2 999 
999 999 999 999 999 999 999 24.2 999 999 20.6 23.2 999 21.2 21 15 35.6 21 999 999 999 999 1 21
999 999 999 999 999 999 999 999 999 999 22.8 999 21.2 999 999 18.4 999 999 999 999 999 24.2 21.2 999 
999 999 999 999 999 999 999 999 999 999 999 12.4 21 999 999 999 23 999 999 999 999 999 21 999
999 999 999 999 999 999 999 999 999 999 999 999 15 18.4 999 999 999 20.2 23.8 999 999 999 15 20.2
999 999 999 999 999 999 999 999 999 999 999 999 35.6 999 23 999 999 11.4 999 21.2 999 999 35.6 11.4
999 999 999 999 999 999 999 999 999 999 999 999 31 999 999 20.2 11.4 999 18.8 25.2 999 999 31 1
999 999 999 999 999 999 999 999 999 999 999 999 999 999 999 23.8 999 18.8 999 999 999 999 999 18.8 
999 999 999 999 999 999 999 999 999 999 999 999 999 999 999 999 21.2 25.2 999 999 999 999 999 25.2 
15 26.1 33 1 21 25.6 999 999 999 34 999 999 999 999 999 999 999 999 999 999 9999 34 999 999
999 999 22.6 34.6 999 30.6 999 999 27.4 1 15.8 999 999 24.2 999 999 999 999 999 999 34.6 999 999 999
999 999 999 999 999 999 999 24.2 999 999 20.6 23.2 1 21.2 21 15 35.6 21 999 999 999 999 999 21
999 999 999 999 999 999 999 999 999 999 999 999 31 999 999 20.2 11.4 1 18.8 25.2 999 999 31 999